base_link:
  sensor_kit_base_link:
    x: 0.207783
    y: 0.0
    z: 1.01461
    roll: 0.0
    pitch: 0.0
    yaw: 0.0
